# Made in Blockbench 5.0.4
mtllib angle.mtl

o Skirt
v -0.10593411583860328 -0.20213816806914034 0.08687079924577593
v 0.14310016136549597 -0.22390510345356393 0.0840196062670063
v -0.13296457204336176 -0.5131706916424963 0.1004492276140512
v 0.11606970516073747 -0.5349376270269198 0.09759803463528158
v 0.14026246251678645 -0.23183572356712503 -0.10329110546582125
v -0.10877181468731278 -0.21006878818270144 -0.1004399124870516
v 0.11323200631202796 -0.5428682471404809 -0.08971267709754598
v -0.13580227089207128 -0.5211013117560573 -0.08686148411877632
vt 0.55 0.4
vt 0.625 0.4
vt 0.625 0.06666666666666665
vt 0.55 0.06666666666666665
vt 0.45 0.4
vt 0.55 0.4
vt 0.55 0.06666666666666665
vt 0.45 0.06666666666666665
vt 0.725 0.4
vt 0.8 0.4
vt 0.8 0.06666666666666665
vt 0.725 0.06666666666666665
vt 0.625 0.4
vt 0.725 0.4
vt 0.725 0.06666666666666665
vt 0.625 0.06666666666666665
vt 0.55 0.6
vt 0.55 0.4
vt 0.45 0.4
vt 0.45 0.6
vt 0.55 0.6
vt 0.55 0.4
vt 0.65 0.4
vt 0.65 0.6
vn 0.9961371088163972 -0.08706774153769437 -0.011404771915078608
vn 0.015134393859784075 0.04229664060565918 0.9989904625750802
vn -0.9961371088163972 0.08706774153769437 0.011404771915078608
vn -0.015134393859784075 -0.04229664060565918 -0.9989904625750802
vn 0.08649745985522722 0.9953040754347392 -0.04345097077848091
vn -0.08649745985522722 -0.9953040754347392 0.04345097077848091
usemtl m_e0bcc300-8285-3d30-8c65-65c681d4c0fc
f 4/4/1 7/3/1 5/2/1 2/1/1
f 3/8/2 4/7/2 2/6/2 1/5/2
f 8/12/3 3/11/3 1/10/3 6/9/3
f 7/16/4 8/15/4 6/14/4 5/13/4
f 6/20/5 1/19/5 2/18/5 5/17/5
f 7/24/6 4/23/6 3/22/6 8/21/6
o Arm Left
v -0.15655448853350673 -0.04661587516948784 0.09246532684836126
v -0.06576846038929332 -0.1324938473509278 0.09527085492733678
v -0.3711870934379084 -0.27368712620361524 0.0871982720976171
v -0.28040106529369496 -0.35956509838505524 0.09000380017659262
v -0.06228244838267933 -0.1328905923713591 -0.029679896625739152
v -0.15306847652689273 -0.04701262018991917 -0.03248542470471467
v -0.276915053287081 -0.35996184340548654 -0.0349469513764833
v -0.36770108143129443 -0.27408387122404654 -0.03775247945545882
vt 0.05 0.4666666666666667
vt 0.1 0.4666666666666667
vt 0.1 0.1333333333333333
vt 0.05 0.1333333333333333
vt 0 0.4666666666666667
vt 0.05 0.4666666666666667
vt 0.05 0.1333333333333333
vt 0 0.1333333333333333
vt 0.15 0.4666666666666667
vt 0.2 0.4666666666666667
vt 0.2 0.1333333333333333
vt 0.15 0.1333333333333333
vt 0.1 0.4666666666666667
vt 0.15 0.4666666666666667
vt 0.15 0.1333333333333333
vt 0.1 0.1333333333333333
vt 0.1 0.4666666666666667
vt 0.05 0.4666666666666667
vt 0.05 0.6
vt 0.1 0.6
vt 0.15 0.6
vt 0.1 0.6
vt 0.1 0.4666666666666667
vt 0.15 0.4666666666666667
vn 0.7262882251537073 -0.6870237774515195 0.022444224631804205
vn -0.027888096052911898 0.0031739601634505335 0.9996060124246074
vn -0.7262882251537073 0.6870237774515195 -0.022444224631804205
vn 0.027888096052911898 -0.0031739601634505335 -0.9996060124246074
vn 0.6868243356940853 0.7266280033092075 0.016854575202381282
vn -0.6868243356940853 -0.7266280033092075 -0.016854575202381282
usemtl m_e0bcc300-8285-3d30-8c65-65c681d4c0fc
f 12/28/7 15/27/7 13/26/7 10/25/7
f 11/32/8 12/31/8 10/30/8 9/29/8
f 16/36/9 11/35/9 9/34/9 14/33/9
f 15/40/10 16/39/10 14/38/10 13/37/10
f 14/44/11 9/43/11 10/42/11 13/41/11
f 15/48/12 12/47/12 11/46/12 16/45/12
o Body
v -0.09786651004338512 -0.11024669778999929 0.07989292059878642
v 0.08893071041578127 -0.0941709288896746 0.08204189314233673
v -0.08164775674809474 -0.2954300024410217 0.05539096720577807
v 0.10514946371107164 -0.27935423354069694 0.05753993974932838
v 0.08894516764908414 -0.0777735939735637 -0.04187794868550494
v -0.09785205281008225 -0.0938493628738884 -0.04402692122905526
v 0.10516392094437452 -0.26295689862458604 -0.06637990207851327
v -0.08163329951479187 -0.2790326675249108 -0.06852887462206358
vt 0.275 0.4
vt 0.325 0.4
vt 0.325 0.19999999999999996
vt 0.275 0.19999999999999996
vt 0.2 0.4
vt 0.275 0.4
vt 0.275 0.19999999999999996
vt 0.2 0.19999999999999996
vt 0.4 0.4
vt 0.45 0.4
vt 0.45 0.19999999999999996
vt 0.4 0.19999999999999996
vt 0.325 0.4
vt 0.4 0.4
vt 0.4 0.19999999999999996
vt 0.325 0.19999999999999996
vt 0.325 0.4
vt 0.275 0.4
vt 0.275 0.6
vt 0.325 0.6
vt 0.375 0.6
vt 0.325 0.6
vt 0.325 0.4
vt 0.375 0.4
vn 0.9962518424488876 0.08573743413506517 0.011461186898935032
vn -0.0001156578664229576 -0.13117867932888727 0.9913587346227333
vn -0.9962518424488876 -0.08573743413506517 -0.011461186898935032
vn 0.0001156578664229576 0.13117867932888727 -0.9913587346227333
vn -0.08650001757488202 0.9876442914721193 0.13067708476271112
vn 0.08650001757488202 -0.9876442914721193 -0.13067708476271112
usemtl m_e0bcc300-8285-3d30-8c65-65c681d4c0fc
f 20/52/13 23/51/13 21/50/13 18/49/13
f 19/56/14 20/55/14 18/54/14 17/53/14
f 24/60/15 19/59/15 17/58/15 22/57/15
f 23/64/16 24/63/16 22/62/16 21/61/16
f 22/68/17 17/67/17 18/66/17 21/65/17
f 23/72/18 20/71/18 19/70/18 24/69/18
o Arm Right
v 0.15197192675798063 -0.04677438488220235 -0.029202543381295305
v 0.07138846921627223 -0.14196921636733645 -0.03752422765436187
v 0.3905413047984331 -0.2486140842861129 -0.03048223316040114
v 0.3099578472567246 -0.34380891577124706 -0.038803917433467706
v 0.06640342473840097 -0.1486521631457545 0.08719741262474318
v 0.14698688228010937 -0.05345733166062038 0.09551909689780974
v 0.3049728027788533 -0.350491862549665 0.08591772284563734
v 0.3855562603205618 -0.25529703106453094 0.0942394071187039
vt 0.05 0.4666666666666667
vt 0.1 0.4666666666666667
vt 0.1 0.1333333333333333
vt 0.05 0.1333333333333333
vt 0 0.4666666666666667
vt 0.05 0.4666666666666667
vt 0.05 0.1333333333333333
vt 0 0.1333333333333333
vt 0.15 0.4666666666666667
vt 0.2 0.4666666666666667
vt 0.2 0.1333333333333333
vt 0.15 0.1333333333333333
vt 0.1 0.4666666666666667
vt 0.15 0.4666666666666667
vt 0.15 0.1333333333333333
vt 0.1 0.1333333333333333
vt 0.1 0.4666666666666667
vt 0.05 0.4666666666666667
vt 0.05 0.6
vt 0.1 0.6
vt 0.15 0.6
vt 0.1 0.6
vt 0.1 0.4666666666666667
vt 0.15 0.4666666666666667
vn -0.6446676603336672 -0.7615586518810727 -0.06657347418453247
vn 0.03988035582297025 0.05346357422734429 -0.9977731222328404
vn 0.6446676603336672 0.7615586518810727 0.06657347418453247
vn -0.03988035582297025 -0.05346357422734429 0.9977731222328404
vn -0.7634220097294477 0.6458870380925138 0.004095007293138667
vn 0.7634220097294477 -0.6458870380925138 -0.004095007293138667
usemtl m_e0bcc300-8285-3d30-8c65-65c681d4c0fc
f 28/76/19 31/75/19 29/74/19 26/73/19
f 27/80/20 28/79/20 26/78/20 25/77/20
f 32/84/21 27/83/21 25/82/21 30/81/21
f 31/88/22 32/87/22 30/86/22 29/85/22
f 30/92/23 25/91/23 26/90/23 29/89/23
f 31/96/24 28/95/24 27/94/24 32/93/24
o Wing Right
v 0.011651418349942004 0.1264768741867341 0.1307437129378906
v 0.46436247949319076 0.11805082619745594 0.3428326019298319
v 0.030447203091844725 -0.3068424140078656 0.07340818333833457
v 0.4831582642350935 -0.31526846199714376 0.2854970723302759
vt 1 0
vt 1 0.5333333333333333
vt 0.825 0.5333333333333333
vt 0.825 0
vn 0.422332883821111 0.13688139679939199 -0.8960459912602655
usemtl m_e0bcc300-8285-3d30-8c65-65c681d4c0fc
f 33/97/25 34/98/25 36/99/25 35/100/25
o Wing Left
v -0.4413770331303707 0.08565469228623276 0.33844020812794834
v 0.011382907139342396 0.1326671497323723 0.13156279193217113
v -0.4225812483884662 -0.3476645959083665 0.28110467852839044
v 0.03017869188124686 -0.30065213846222694 0.07422726233261326
vt 1 0.5333333333333333
vt 1 0
vt 0.825 0
vt 0.825 0.5333333333333333
vn -0.4221232405711685 0.1008951203385188 -0.9009062906105003
usemtl m_e0bcc300-8285-3d30-8c65-65c681d4c0fc
f 37/101/26 38/102/26 40/103/26 39/104/26
o Head
v -0.08072506873752305 0.14357626815550886 0.08516685817785576
v 0.10625274400108833 0.1295925649576858 0.08522676109903386
v -0.09456069347885294 -0.04130154594051199 0.11318505482029277
v 0.09241711925975844 -0.055285249138335026 0.11324495774147088
v 0.10422221906849789 0.10164797872077108 -0.10016802595967975
v -0.0827555936701135 0.11563168191859413 -0.10022792888085785
v 0.090386594327168 -0.08322983537524975 -0.07214982931724273
v -0.09659121841144339 -0.06924613217742671 -0.07220973223842084
vt 0.075 0.8
vt 0.15 0.8
vt 0.15 0.6
vt 0.075 0.6
vt 0 0.8
vt 0.075 0.8
vt 0.075 0.6
vt 0 0.6
vt 0.225 0.8
vt 0.3 0.8
vt 0.3 0.6
vt 0.225 0.6
vt 0.15 0.8
vt 0.225 0.8
vt 0.225 0.6
vt 0.15 0.6
vt 0.15 0.8
vt 0.075 0.8
vt 0.075 1
vt 0.15 1
vt 0.225 1
vt 0.15 1
vt 0.15 0.8
vt 0.225 0.8
vn 0.9972150012725942 -0.07457975038838945 0.0003194822462832068
vn 0.010829466307149004 0.14903779326354513 0.9887721976464727
vn -0.9972150012725942 0.07457975038838945 -0.0003194822462832068
vn -0.010829466307149004 -0.14903779326354513 -0.9887721976464727
vn 0.07378999862042618 0.986015008512111 -0.1494303820929975
vn -0.07378999862042618 -0.986015008512111 0.1494303820929975
usemtl m_e0bcc300-8285-3d30-8c65-65c681d4c0fc
f 44/108/27 47/107/27 45/106/27 42/105/27
f 43/112/28 44/111/28 42/110/28 41/109/28
f 48/116/29 43/115/29 41/114/29 46/113/29
f 47/120/30 48/119/30 46/118/30 45/117/30
f 46/124/31 41/123/31 42/122/31 45/121/31
f 47/128/32 44/127/32 43/126/32 48/125/32
o Hair
v -0.09498437399291397 0.162476776783072 0.09827658213578062
v 0.12315640753546599 0.14616245638561182 0.09834646887715508
v -0.11112593619113219 -0.05321400632895225 0.13096447821862384
v 0.10701484533724777 -0.06952832672641245 0.13103436495999826
v 0.12078746178077714 0.11356043910921132 -0.11794744935801077
v -0.09735331974760282 0.12987475950667154 -0.11801733609938525
v 0.10464589958255892 -0.10213034400281296 -0.08525955327516761
v -0.11349488194582104 -0.08581602360535276 -0.08532944001654207
vt 0.375 0.8
vt 0.45 0.8
vt 0.45 0.6
vt 0.375 0.6
vt 0.3 0.8
vt 0.375 0.8
vt 0.375 0.6
vt 0.3 0.6
vt 0.525 0.8
vt 0.6 0.8
vt 0.6 0.6
vt 0.525 0.6
vt 0.45 0.8
vt 0.525 0.8
vt 0.525 0.6
vt 0.45 0.6
vt 0.45 0.8
vt 0.375 0.8
vt 0.375 1
vt 0.45 1
vt 0.525 1
vt 0.45 1
vt 0.45 0.8
vt 0.525 0.8
vn 0.9972150012725942 -0.07457975038838945 0.0003194822462832068
vn 0.010829466307149004 0.14903779326354513 0.9887721976464727
vn -0.9972150012725942 0.07457975038838945 -0.0003194822462832068
vn -0.010829466307149004 -0.14903779326354513 -0.9887721976464727
vn 0.07378999862042618 0.986015008512111 -0.1494303820929975
vn -0.07378999862042618 -0.986015008512111 0.1494303820929975
usemtl m_e0bcc300-8285-3d30-8c65-65c681d4c0fc
f 52/132/33 55/131/33 53/130/33 50/129/33
f 51/136/34 52/135/34 50/134/34 49/133/34
f 56/140/35 51/139/35 49/138/35 54/137/35
f 55/144/36 56/143/36 54/142/36 53/141/36
f 54/148/37 49/147/37 50/146/37 53/145/37
f 55/152/38 52/151/38 51/150/38 56/149/38
o Hair
v -0.14990113452330545 0.05673008171466992 0.10533581509397202
v 0.1617285533743802 0.03342390971829823 0.10543565329593552
v -0.15912488435085873 -0.06652179434934397 0.1240146128555967
v 0.1525048035468269 -0.08982796634571567 0.1241144510575602
v 0.16037487008598655 0.014794185560355055 -0.018160871409873554
v -0.15125481781169908 0.03810035755672678 -0.01826070961183706
v 0.15115112025843327 -0.10845769050365883 0.0005179263517511197
v -0.16047856763925236 -0.08515151850728711 0.00041808814978761336
vt 0.725 0.7333333333333334
vt 0.775 0.7333333333333334
vt 0.775 0.6
vt 0.725 0.6
vt 0.6 0.7333333333333334
vt 0.725 0.7333333333333334
vt 0.725 0.6
vt 0.6 0.6
vt 0.9 0.7333333333333334
vt 0.95 0.7333333333333334
vt 0.95 0.6
vt 0.9 0.6
vt 0.775 0.7333333333333334
vt 0.9 0.7333333333333334
vt 0.9 0.6
vt 0.775 0.6
vt 0.725 0.8666666666666667
vt 0.725 0.7333333333333334
vt 0.6 0.7333333333333334
vt 0.6 0.8666666666666667
vt 0.95 0.7333333333333334
vt 0.95 0.8666666666666667
vt 0.825 0.8666666666666667
vt 0.825 0.7333333333333334
vn 0.9972150012725942 -0.07457975038838945 0.0003194822462832068
vn 0.010829466307149004 0.14903779326354513 0.9887721976464727
vn -0.9972150012725942 0.07457975038838945 -0.0003194822462832068
vn -0.010829466307149004 -0.14903779326354513 -0.9887721976464727
vn 0.07378999862042618 0.986015008512111 -0.1494303820929975
vn -0.07378999862042618 -0.986015008512111 0.1494303820929975
usemtl m_e0bcc300-8285-3d30-8c65-65c681d4c0fc
f 60/156/39 63/155/39 61/154/39 58/153/39
f 59/160/40 60/159/40 58/158/40 57/157/40
f 64/164/41 59/163/41 57/162/41 62/161/41
f 63/168/42 64/167/42 62/166/42 61/165/42
f 62/172/43 57/171/43 58/170/43 61/169/43
f 63/176/44 60/175/44 59/174/44 64/173/44
o Neck
v -0.03291159754351264 -0.055277642418757905 0.051406760107780926
v 0.02941434003602449 -0.059938876818032255 0.05142672774817363
v -0.03752347245728928 -0.11690358045076485 0.060746158988593264
v 0.024802465122247857 -0.1215648148500392 0.06076612662898597
v 0.028737498391827678 -0.06925373889700383 -0.010371534604730906
v -0.03358843918770946 -0.06459250449772949 -0.010391502245123606
v 0.024125623478051045 -0.13087967692901079 -0.0010321357239185674
v -0.03820031410148608 -0.12621844252973644 -0.0010521033643112673
vt 0.175 0.5333333333333333
vt 0.2 0.5333333333333333
vt 0.2 0.4666666666666667
vt 0.175 0.4666666666666667
vt 0.15 0.5333333333333333
vt 0.175 0.5333333333333333
vt 0.175 0.4666666666666667
vt 0.15 0.4666666666666667
vt 0.225 0.5333333333333333
vt 0.25 0.5333333333333333
vt 0.25 0.4666666666666667
vt 0.225 0.4666666666666667
vt 0.2 0.5333333333333333
vt 0.225 0.5333333333333333
vt 0.225 0.4666666666666667
vt 0.2 0.4666666666666667
vt 0.2 0.5333333333333333
vt 0.175 0.5333333333333333
vt 0.175 0.6
vt 0.2 0.6
vt 0.225 0.6
vt 0.2 0.6
vt 0.2 0.5333333333333333
vt 0.225 0.5333333333333333
vn 0.9972150012725942 -0.07457975038838945 0.0003194822462832068
vn 0.010829466307149004 0.14903779326354513 0.9887721976464727
vn -0.9972150012725942 0.07457975038838945 -0.0003194822462832068
vn -0.010829466307149004 -0.14903779326354513 -0.9887721976464727
vn 0.07378999862042618 0.986015008512111 -0.1494303820929975
vn -0.07378999862042618 -0.986015008512111 0.1494303820929975
usemtl m_e0bcc300-8285-3d30-8c65-65c681d4c0fc
f 68/180/45 71/179/45 69/178/45 66/177/45
f 67/184/46 68/183/46 66/182/46 65/181/46
f 72/188/47 67/187/47 65/186/47 70/185/47
f 71/192/48 72/191/48 70/190/48 69/189/48
f 70/196/49 65/195/49 66/194/49 69/193/49
f 71/200/50 68/199/50 67/198/50 72/197/50